dsgdb9nsd_000004
C 0.5995394918 0. 1.
C -0.5995394918 0. 1.
H -1.6616385861 0. 1.
H 1.6616385861 0. 1.
2.58869064 0.57071367 3.72546331e-06 65.50279291

dsgdb9nsd_000005
C -0.0133239314 1.1324657151 0.0082758861
N 0.0023107217 -0.0191585871 0.0019287305
H -0.0278026991 2.1989492963 0.0141537903
4.25547696 0.20304211 1.40567981e-06 103.53425393

dsgdb9nsd_000006
C -0.0139776956 1.1802114286 0.0077524981
O 0.0023139861 -0.0196636557 0.0021610727
H 0.9149602868 1.789511172 0.0039565555
H -0.9591097173 1.7640179751 0.0171828436
1.65916607 0.46909415 2.2315275e-06 67.53196706

dsgdb9nsd_000007
C -0.0187040036 1.5255820146 0.0104328082
C 0.0021037439 -0.0038819102 0.0019988214
H 0.9948727479 1.9397432357 0.0029412016
H -0.5420761069 1.9236106317 -0.8651173523
H -0.5252411248 1.9141730785 0.9000239916
H 0.5254865372 -0.4019078419 0.8775439536
H -1.0114765071 -0.4180337979 0.0095084879
H 0.5086261934 -0.3924704005 -0.8876011721
0.86800156 0.63513011 1.06001436e-06 66.64177643

dsgdb9nsd_000008
C -0.0082881667 1.3904697792 -0.0056006901
O -0.0079703813 -0.0250453723 0.0203060595
H 1.0065833848 1.8155636589 0.0034833514
H -0.5465747513 1.7991697458 -0.8739012577
H -0.5228887142 1.7255524029 0.8990732632
H 0.4414201887 -0.3335442546 -0.7715205863
0.59040612 0.27979285 4.03396113e-07 36.15268375

dsgdb9nsd_000010
C -0.0178862937 1.4671278689 0.0101131129
C 0.0017381887 0.0103525955 0.0020758794
N 0.017652353 -1.1445292595 -0.00420445
H 1.0020294117 1.8608992682 0.0024540105
H -0.5439884752 1.8447990128 -0.8707545998
H -0.5270778345 1.8351816641 0.9048632871
4.43062257 0.84880856 2.64982892e-06 115.21507592

dsgdb9nsd_000011
C -0.0029448212 1.5099136648 0.0086727849
C 0.0260828384 0.0032756259 -0.037459115
O 0.9422880119 -0.6550703513 -0.4568257611
H 0.9227880213 1.926342418 -0.3914655687
H -0.8620154031 1.878524808 -0.5647953841
H -0.1505063787 1.8439338318 1.0428910048
H -0.8944300885 -0.4864340773 0.3577486492
1.66658988 0.74752026 1.7125431e-06 57.48046691

dsgdb9nsd_000012
N -0.0258998583 1.34614561 0.0088939089
C 0.0464672751 -0.0117434132 0.0012042484
O 1.0718352049 -0.6525878165 -0.0111331282
H 0.8253549651 1.8850494841 0.0037376912
H -0.9083767959 1.8267963784 0.018919919
H -0.9614410008 -0.4750037629 0.0080739107
3.17951285 1.13823375 3.6504955e-06 84.26519561

dsgdb9nsd_000013
C -0.0311382511 1.5408158176 0.0319212557
C 0.0121534673 0.0109223512 -0.016032589
C 0.7216912862 -0.5258335257 -1.2623057014
H 0.9795598736 1.9645911645 0.0309836688
H -0.558402225 1.9483119221 -0.8381607489
H -0.5425225229 1.9015353142 0.9300567072
H 0.5152279134 -0.3684023366 0.882311343
H -1.0107064136 -0.3845699872 0.0205178255
H 1.7585121046 -0.1737658496 -1.3087151642
H 0.7408719199 -1.6202495858 -1.2751651128
H 0.2202335076 -0.1905117949 -2.1772902038
0.83826289 0.61396488 1.02031122e-06 64.37875956

dsgdb9nsd_000015
C -0.0148214665 1.3924123373 0.0056710438
O -0.0047153748 -0.0136066049 0.0145965754
C 0.6379489343 -0.5532967625 -1.1135823232
H 1.0052835779 1.810158071 0.0046563051
H -0.5468955976 1.7934353007 -0.8725105077
H -0.5300289536 1.7229196896 0.9110169641
H 0.1399379234 -0.2559933348 -2.0509837531
H 1.6926527455 -0.2386838236 -1.1747774277
H 0.5995943514 -1.6418016127 -1.0240761566
1.16007395 0.52092528 9.49599422e-07 58.73941485

dsgdb9nsd_000016
C -0.0119327974 1.5143319798 0.010316996
C 1.3029911772 0.7788656204 -0.0061784231
C 0.0086717414 0.0076704221 0.0020103247
H -0.3054146435 2.0170211723 0.9253323893
H -0.3227549828 2.0268015645 -0.8934783865
H 1.8849339609 0.7914501983 -0.9211939346
H 1.9022663059 0.7816539079 0.8976637317
H -0.2708804319 -0.5128912474 0.9113747374
H -0.2882198296 -0.503104088 -0.9074082449
0.83826289 0.61396488 1.02031122e-06 64.37875956

dsgdb9nsd_000017
C 0.0153771978 1.4176438003 0.0095628663
C 1.2647816122 0.6492398384 -0.0065504377
O -0.0002401788 -0.007710059 0.0020405474
H -0.3176332635 1.8858659797 0.9347575102
H -0.3352758293 1.8957667327 -0.9039757823
H 1.8324668196 0.5625684765 -0.9319329026
H 1.8500825819 0.5526793813 0.9068014688
1.58753187 0.14667797 9.57354606e-07 65.25555573

dsgdb9nsd_000018
C -0.0031018943 1.4805032759 -0.1725986671
C -0.0452720177 -0.0288705905 0.0013949255
C 1.2970580043 -0.7219441456 0.168890419
O -1.0864317248 -0.6427334329 0.0063039331
H 0.5940352949 1.7466857904 -1.0522504319
H -1.0154040683 1.8703402288 -0.2838226498
H 0.480995996 1.9507060483 0.6909937592
H 1.8251214432 -0.3247073087 1.0432865792
H 1.1489250739 -1.7959768947 0.2855439305
H 1.9368263527 -0.5294969212 -0.6999540277
1.16124934 0.25258817 9.94989163e-07 39.65729479

dsgdb9nsd_000020
N 0.0360526966 1.360778727 -0.1241640253
C -0.0259113822 -0.0207655962 0.0020064507
N 1.2196847948 -0.6233421968 0.1196322188
O -1.0682286604 -0.6417459677 0.0086557294
H 0.8074943898 1.8345514839 0.3214491515
H -0.8582577528 1.8037349999 0.0224376956
H 1.9992714792 -0.1730305398 -0.3360249618
H 1.1820432749 -1.6214790103 -0.0210923389
1.25272154 0.3623581 7.77356496e-07 34.42702595

dsgdb9nsd_000022
C -0.0331587081 1.5478256631 -0.0043881535
C -0.0110853438 0.0185909451 0.016761166
C 0.7093838393 -0.5359671127 1.239784442
O -1.3321984071 -0.5171255405 0.0523605653
H 0.9821569246 1.9571589997 -0.0318222477
H -0.5638809986 1.9208762284 -0.8884586459
H -0.5408254809 1.9334094525 0.8857548884
H 0.5104212174 -0.3376724089 -0.8881917632
H 0.2224049199 -0.1878586016 2.1565024531
H 0.6824202398 -1.628876384 1.2330514094
H 1.7543430111 -0.2124695005 1.2552418802
H -1.8181868136 -0.1557743505 -0.695539624
1.7460766 0.22710329 9.24319159e-07 64.09579555

dsgdb9nsd_000031
C -0.0252200485 1.5477305416 0.0213336953
C 0.0118393932 0.0099927783 -0.015567022
C 0.6891511448 -0.5083684569 -1.2033148798
N 1.2256573268 -0.9036084609 -2.1473748203
H 0.9857161992 1.9621298952 0.0237015347
H -0.5552219223 1.9459966209 -0.8471177123
H -0.5396255565 1.8829435366 0.9253660368
H 0.5248190962 -0.3822604798 0.8693335453
H -1.0045354229 -0.398321085 0.0053007123

dsgdb9nsd_000037
C 0.1065378106 1.4351204878 0.0333609957
O 0.4268656414 0.0471692892 0.093099449
C 0.5071486248 -0.6365266459 -1.0631829744
O 0.7692701427 -1.7995501732 -1.1101047475
H 0.9234925079 2.0038513859 0.4846572797
H -0.0375781504 1.7692718281 -1.0005742542
H -0.8126956863 1.6080191552 0.5987328735
H 0.3045845993 -0.002319017 -1.9496555317
2.89418638 1.14920072 4.1835606e-06 87.80957765

dsgdb9nsd_000039
C -0.0300762365 1.5580491185 0.0298077353
C 0.0070727666 0.0283487713 -0.0071252863
C 0.7132079171 -0.529893401 -1.2476558065
C 0.7503689539 -2.0595936566 -1.2845895682
H 0.9819532966 1.9784511298 0.0280079667
H -0.5558243303 1.9621234331 -0.8427015713
H -0.5408376162 1.9269275491 0.9249369686
H 0.5092867188 -0.3490904869 0.893613189
H -1.0173348095 -0.3654229859 0.0320739321
H 0.2109894814 -0.1524576993 -2.1483930207
H 1.7376133058 -0.1361162467 -1.2868567224
H 1.2761685378 -2.4636641007 -0.4121098024
H -0.2616569942 -2.4800044697 -1.2827355161
H 1.2610849089 -2.4284644351 -2.1797480278
0.82956757 0.6031666 1.01123759e-06 63.1881468

dsgdb9nsd_000040
C -0.0037901202 1.5219678964 0.010279958
C -0.0358937194 -0.0077825368 0.002256712
C -1.452190163 -0.5665371088 0.0128438557
O -1.3679978502 -1.9839460351 0.0045360642
H 1.0247757648 1.8941123069 0.0023979304
H -0.5128667381 1.9376461379 -0.8665388825
H -0.4958407988 1.9280134358 0.9012172128
H 0.4814078416 -0.3953055191 -0.8831606436
H 0.4982858852 -0.4048625622 0.8733034811
H -1.9873421975 -0.2039949369 0.9066606242
H -2.0043148492 -0.1945947268 -0.8666646015
H -2.2617181851 -2.3382429813 0.0103474791
6.0783938 1.9820868 7.07367985e-06 126.20947187

dsgdb9nsd_000041
C -0.0051955091 1.5086822402 0.033087601
C 0.0131657995 -0.0103781921 0.0198864348
O 0.6975894438 -0.4634413956 1.168689786
C 0.7668849139 -1.8650818258 1.246026692
H 1.0144547599 1.9042379883 0.0299601808
H -0.5299086599 1.8918405908 -0.8472691148
H -0.5126376519 1.8780584257 0.9287542375
H -1.0159950694 -0.4099872881 0.0071428235
H 0.5109314318 -0.3836943515 -0.8921939464
H -0.2341584086 -2.3245148878 1.2897777955
H 1.3012927589 -2.2985366276 0.3848609518
H 1.3099028713 -2.1181199764 2.1601320584
1.0233831 0.23666826 6.654264e-07 58.64441298

dsgdb9nsd_000042
O -0.0141873452 1.4264224166 -0.0542365107
C -0.003918394 0.0071771432 0.0349606216
C -1.4231701908 -0.5556060013 -0.0125663926
O -2.1122941316 -0.1056387482 -1.1722831277
H -0.1898788211 1.6415470511 -0.9755514801
H 0.5965950414 -0.4331542952 -0.7740909498
H 0.4731111572 -0.2490373319 0.9874721596
H -1.394948591 -1.6497527924 -0.0628318813
H -1.9649741719 -0.2721691543 0.9013197201
H -2.359259913 0.8094439625 -1.0061459692
1.82354821 0.46500567 2.17737051e-06 53.83498599

dsgdb9nsd_000044
C -0.016463427 1.5183070486 0.0077144513
C -0.0274322683 0.0165769416 -0.1088974085
C 0.7729655287 -0.7013188571 -1.1086311523
O 1.1721229292 -0.667029688 0.2627882891
H 0.9186598033 1.9291421734 -0.3828587993
H -0.8515801425 1.9545650629 -0.5510945965
H -0.1148770196 1.8259647016 1.0539777655
H -0.9358259801 -0.4735060008 0.2468279306
H 0.4444392202 -1.6720149484 -1.4781062204
H 1.405382836 -0.1360033938 -1.7927149096
3.66326928 3.66326928 1.05150955 1.05150955 5.12851468e-06 5.12851468e-06 98.36502024 98.36502024

dsgdb9nsd_000047
C -0.0254295715 1.5403257769 -0.0421594388
C 1.5256439949 1.5041998877 0.0412127589
C 1.4214672735 0.0614679043 0.6084488507
C -0.026388329 -0.0107095612 0.0493508773
H -0.4659137201 1.9963989367 0.8496289378
H -0.4790023915 2.0002820704 -0.923653892
H 1.9824827812 1.5137533382 -0.953031827
H 2.021913653 2.2598657897 0.6552212858
H 2.1429167857 -0.6795635768 0.2553147962
H 1.4310585302 0.0575147869 1.7026187908
H -0.7905344019 -0.4853029618 0.6699657311
H -0.0523324543 -0.472384461 -0.9423639408
0.82956757 0.6031666 1.01123759e-06 63.1881468

dsgdb9nsd_000048
C -0.0348978893 1.5525945452 -0.085076909
C 1.4934918305 1.4545970026 0.1011467722
O 1.427258843 0.0234899002 0.2725488563
C -0.0063475762 0.0223649401 0.1094463006
H -0.5657920959 2.1130172058 0.6859152725
H -0.3662835212 1.8939337967 -1.0669232738
H 2.1003172372 1.7352571988 -0.768983487
H 1.9002309019 1.9550661136 0.9889674805
H -0.5198784877 -0.3559517926 1.0023594848
H -0.3197006222 -0.5756742104 -0.7555927472
3.66326928 1.05150955 5.12851468e-06 98.36502024

dsgdb9nsd_000064
C -0.0024235041 1.5503583696 0.010561869
C -0.0185660005 0.0100435232 -0.0226177004
C -1.4504531848 -0.5576617768 0.0129334671
C 0.7012574878 -0.4858316837 -1.2017276391
N 1.2619094555 -0.8712676578 -2.1361974034
H 1.0195949649 1.9367321459 0.0034966837
H -0.5297284365 1.9614163851 -0.8549838617
H -0.5013425114 1.9034683876 0.9175586202
H 0.52481877 -0.3622245621 0.8552546184
H -2.0242790341 -0.2142871644 -0.8525186947
H -1.4443829624 -1.650269269 0.0075410673
H -1.9580549444 -0.2172588177 0.9199676036

dsgdb9nsd_000070
C -0.0977649852 1.4491726843 0.0456198436
N 0.0104305285 0.0037381798 -0.0007060021
C 0.0532302782 -0.7143211245 1.2526489052
C 0.0672871579 -0.6406722467 -1.2006077779
O 0.0363643221 -0.1100651522 -2.2910922799
H 0.7565066013 1.887471091 0.5764742123
H -0.1164857683 1.8163210336 -0.9804917213
H -1.0164110588 1.7552154788 0.5615141529
H -0.8545355567 -0.5365767497 1.8439016843
H 0.1329772232 -1.7869633573 1.058513514
H 0.9163734795 -0.4073784559 1.8576134454
H 0.1476223984 -1.7380133914 -1.0680513864
3.17951285 1.13823375 3.6504955e-06 84.26519561

dsgdb9nsd_000077
C 0.0729525429 1.3884091921 0.0644204587
O 0.2104911438 -0.0374002825 0.0461273579
C 0.5010280504 -0.5722428814 -1.1597534587
C 0.6221871489 -2.073783229 -1.0603068403
O 0.6392215379 0.0822441797 -2.1615732482
H 1.0002972028 1.870625701 -0.255320639
H -0.7333895655 1.7078208948 -0.6008045417
H -0.1575128017 1.6515405981 1.0969295399
H -0.3133000098 -2.5020285112 -0.6894190647
H 0.8564658848 -2.4843027463 -2.0415735164
H 1.4065168456 -2.3405549554 -0.3463430074
1.13823585 0.54487748 1.25978285e-06 48.31176188

dsgdb9nsd_000082
C -0.027751673 1.5342143343 0.0065115145
C 0.0834324601 0.0121827739 0.0525898593
O 0.9585639226 -0.4820071004 -0.966941128
C 0.697675738 -0.4951645124 1.3594881173
O 2.0224706156 -0.028425302 1.5222218588
H 0.9433376279 1.9884143362 0.2184158917
H -0.3732051553 1.8735404135 -0.977169084
H -0.7477381715 1.8925639358 0.7492685346
H -0.9167184788 -0.4369703559 -0.0604052842
H 0.7672671003 -0.0141217672 -1.7850204274
H 0.1165000206 -0.1335191383 2.2139243056
H 0.6581468496 -1.5956344531 1.3627447358
H 2.4637856639 -0.2276247643 0.6869843061
3.30979449 0.95678817 4.49763116e-06 84.94360782

dsgdb9nsd_000122
C -0.003819068 1.5486938116 0.0103449101
C 0.004748359 0.0193738507 0.0022048373
C -1.4241529949 -0.5615987896 0.0127169813
C -1.4407647839 -2.0226194708 0.0047935433
N -1.4339613062 -3.1782002609 -0.001355567
H 1.01583841 1.9437175218 0.0026827794
H -0.5233644333 1.9487733688 -0.8671923066
H -0.5064610301 1.9394370601 0.9018210808
H 0.5321046517 -0.3528863703 -0.882358695
H 0.5488563373 -0.3621633398 0.8725595396
H -1.9678426628 -0.2126852171 0.8988152352
H -1.9846506989 -0.2031535146 -0.8589514385
10.18977805 3.58650616 1.47249123e-05 165.40097788

dsgdb9nsd_000138
O -0.0888800952 1.4263262953 0.0103811887
C 0.01430791 0.0106153954 0.0019050922
C -1.3978524236 -0.558024834 0.0124121893
C -1.4219357914 -2.0801992033 0.004462131
O -2.780389527 -2.4918421034 0.0149960867
H 0.8003455451 1.7920167183 0.004230813
H 0.5547637125 -0.3433042635 -0.8919741973
H 0.5717411287 -0.35268832 0.8814762379
H -1.9262744926 -0.1939409682 0.899957196
H -1.9431583136 -0.1845125564 -0.8608898512
H -0.8985672662 -2.4591598266 -0.8893213487
H -0.8819194169 -2.46869181 0.8841322229
H -2.8026668244 -3.4530781857 0.0106675495
3.30979449 0.95678817 4.49763116e-06 84.94360782

dsgdb9nsd_000150
C 0.1555256512 1.4717625365 -0.070392474
C -0.1921747409 -0.0097229333 0.1159686867
C 0.4856364953 -0.6069198749 1.3249774402
C 0.9899240539 -1.9846225731 1.3525597864
O 1.8854760179 -0.8815179215 1.2013589486
H 1.2361756597 1.5996931468 -0.1828494552
H -0.3319453512 1.8838251473 -0.9587180526
H -0.1647733686 2.0658908408 0.7925551276
H -1.2777432531 -0.1320722476 0.2248800535
H 0.1067785056 -0.5797214473 -0.7711069788
H 0.2159106622 -0.1521927839 2.2813240242
H 1.0619355863 -2.5213585012 2.2978191121
H 0.8731618418 -2.6150805386 0.4714341812
4.49889127 1.28989976 5.26122356e-06 109.28455492

dsgdb9nsd_000156
C 0.0474187686 1.4887357829 -0.2261645042
C 1.4641697049 1.9426685213 0.2166371531
C 2.190576053 0.6354920289 0.4336723361
C 1.3613344742 -0.4063998936 0.4361186948
C -0.0760040732 0.0075334253 0.2211808455
H -0.7453698189 2.1206738766 0.1817585925
H -0.0261549233 1.5447324117 -1.3167238164
H 1.9493520822 2.5832509491 -0.5288137808
H 1.4361414354 2.5273951405 1.1474653293
H 3.2606717776 0.584053642 0.6035495893
H 1.6519790907 -1.4371714668 0.6082954283
H -0.6499765843 -0.0936859413 1.1536196532
H -0.5930787669 -0.6111596266 -0.5213133305
1.27734406 0.02188156 4.17253998e-07 67.36893294

dsgdb9nsd_000160
C -0.0202436939 1.5405305366 -0.1184050162
C 1.4544596004 1.9654364526 0.1225907572
C 2.1703915912 0.6245355321 0.3948945057
O 1.3608153047 -0.3747536967 -0.2036854858
C 0.0198515941 0.0074533171 0.0564609516
H -0.7150845135 2.01093915 0.5816352389
H -0.3399021984 1.806867967 -1.1288242101
H 1.8672566964 2.4535776572 -0.7635656018
H 1.5618579841 2.6588741615 0.9603096156
H 3.1687379635 0.5566981179 -0.0446422617
H 2.2582398537 0.447768829 1.4800898419
H -0.2662268182 -0.2712262841 1.0847078145
H -0.6259699639 -0.5361479304 -0.6377205999
5.59434443 2.09438972 7.20019087e-06 112.43092301

dsgdb9nsd_000223
C -0.0305343196 1.5461464705 0.0014138558
C -0.0107016464 0.0075301469 0.0288814389
C 0.745373417 -0.530866633 1.2564701488
O -1.3349727745 -0.5176464445 -0.0215420163
C 0.6520776688 -0.4862166937 -1.1980904166
N 1.21068643 -0.8482798084 -2.1415901567
H 0.9820352346 1.9560930166 -0.0403203196
H -0.592806834 1.8989903326 -0.8654093932
H -0.5135991938 1.9175490775 0.9118411593
H 0.2631082619 -0.1618436034 2.1682932647
H 0.7227786572 -1.6224162559 1.2624090161
H 1.7861671906 -0.1964626496 1.2604997048
H -1.7923651318 -0.2104882857 0.769405794
3.29952312 0.09859923 1.56955393e-06 89.58924244

dsgdb9nsd_000265
C 0.1734158726 1.489397723 -0.0011879844
C -0.0437914192 -0.0106731637 0.051203062
O 0.7443406762 -0.5278239766 1.1416100347
C 0.6718667208 -1.8609239535 1.3377313869
C 1.5380531881 -2.2763149682 2.5033523611
O 0.0009155392 -2.600218615 0.6626820893
H 1.2280582783 1.7260276914 -0.1681195123
H -0.4104218554 1.9208925315 -0.8196909235
H -0.1410104998 1.9627806399 0.9332497112
H -1.0944126417 -0.2675886385 0.2196009047
H 0.2667175506 -0.5029362824 -0.8758510903
H 1.4650328928 -3.3540251953 2.6433918898
H 2.57808272 -1.9930049314 2.3182398051
H 1.2180366874 -1.7588530213 3.4122251459
2.82713199 1.0170334 3.24267525e-06 77.90616387

dsgdb9nsd_000443
O -0.0113829936 -0.0207674406 0.0038936122
C -0.0059559799 1.1878287682 0.0099743788
C -1.2483222674 2.0972744298 0.0315301298
C -0.7025694602 3.5381304759 0.0312555041
C 0.7967928763 3.3621447108 0.0100087026
C 1.1780616933 2.0801332513 -0.0016178573
H -1.8719895152 1.8747167969 -0.8388969581
H -1.8478627306 1.8659692452 0.916512567
H -1.0383985673 4.1186682373 -0.8365610872
H -1.0146545231 4.1100366705 0.9135432844
H 1.468957036 4.214090451 0.0051644007
H 2.1906191216 1.6981133236 -0.017306127
10.5917077 2.34200745 6.75937118e-06 147.10502628

dsgdb9nsd_000450
O 0.0300203807 0.0037306063 0.2327963542
C -0.040398522 1.1952585661 0.1652578218
C -1.2855027236 2.0730054141 0.0609791547
C -0.7721783547 3.468370339 0.4263823398
C 0.7074092524 3.3753201703 0.0183522264
O 1.0660977807 1.9919767505 0.1639476877
H -1.6447351902 2.022888084 -0.9735996081
H -2.0767303607 1.6847646604 0.7028833956
H -1.291596391 4.2822939313 -0.0827656077
H -0.8553206565 3.6354912028 1.5043808849
H 0.8635905404 3.6686940279 -1.0269486057
H 1.3775466646 3.9626867674 0.6492726764
4.94445872 1.80002019 6.21291917e-06 100.60839576

dsgdb9nsd_000455
O 0.0020073939 0.0042403394 0.0029592952
C -0.0141127915 1.1919583042 0.0096439492
O -1.1208262813 1.9547149316 -0.1943525774
C -0.811349675 3.3303100199 0.0380181278
C 0.7247933472 3.3513425229 0.0054586899
O 1.071523907 1.9821249774 0.2223804022
H -1.2719810591 3.9352545165 -0.7448456034
H -1.2155230415 3.6282173973 1.0112034165
H 1.1205842942 3.6710428523 -0.9642504143
H 1.1689569157 3.9597163283 0.795151527
1.42334942 0.38691637 1.60377292e-06 39.87400059

dsgdb9nsd_000489
N 0.0001337967 -1.164232913 -0.0040655288
C -0.0218341207 -0.0094326278 0.0021328627
C -0.022018383 1.4508524143 0.0097774158
C 1.4216431688 2.0143091074 -0.0004928155
C 1.4213717769 3.4745821077 0.0074499349
N 1.3994242066 4.6293804553 0.0136628956
H -0.5720076511 1.8151920567 -0.8633153346
H -0.555858681 1.8059542341 0.8965959841
H 1.9716745171 1.6498886199 0.8725314688
H 1.9554612497 1.6593337955 -0.887381853
10.18977805 3.58650616 1.47249123e-05 165.40097788

dsgdb9nsd_000660
C -0.0041949231 1.399630661 0.0057100352
C 1.4261415319 1.9285105622 -0.0233055938
O 2.1286899462 1.4073341204 -1.1415159113
C 2.1214011273 -0.0122781836 -1.1257493565
C 0.691064008 -0.5411551739 -1.0967424916
O -0.0114869421 -0.0199806285 0.0214677011
H -0.5277619522 1.7298437812 0.9081954976
H -0.5505823391 1.7727380817 -0.8763266719
H 1.440916731 3.0185872857 -0.1190004549
H 1.9390444715 1.6488591963 0.9118220117
H 2.6449781886 -0.3424950531 -2.0282270529
H 2.6677802808 -0.3853784326 -0.2437041961
H 0.1781661906 -0.2614976831 -2.0318714017
H 0.6762819706 -1.6312317237 -1.0010508048
4.22064719 0.99540234 4.09607883e-06 104.51157364

dsgdb9nsd_023866
F 0.00785413 0.06297831 -0.0096674806
C -0.0128051186 1.3918723172 0.0023031502
F 1.2350571456 1.8492934138 -0.0119625204
F -0.6521409578 1.8295611966 -1.0776429563
C -0.7370943221 1.8911274159 1.2758974122
F -0.0977596185 1.4534395789 2.3558440686
F -0.7577538319 3.2200215765 1.2878670499
F -1.9849567167 1.4337058312 1.2901621464
9.99166429 4.1747736 1.75737339e-05 145.41173403
